110
Placa: PER0  Velocidad: 38   P.Inicio (-770536247,-120801021)  P.Fin (-770588661,-120849270)  P.Actual (-1,-1)  Ruta: [(-770536247,-120801021) (-770532098,-120796146) (-770528001,-120791256) (-770520121,-120797483) (-770528464,-120807314) (-770536247,-120801021) (-770543909,-120794827) (-770547877,-120799721) (-770551880,-120804677) (-770558238,-120812503) (-770564700,-120820333) (-770565273,-120820998) (-770573243,-120830527) (-770577235,-120835393) (-770581093,-120839988) (-770588661,-120849270)  ]
Placa: PER1  Velocidad: 115   P.Inicio (-770781059,-120758037)  P.Fin (-770732980,-120780421)  P.Actual (-1,-1)  Ruta: [(-770781059,-120758037) (-770780335,-120752843) (-770779125,-120753083) (-770763950,-120756094) (-770763414,-120756175) (-770758475,-120757545) (-770753030,-120759288) (-770741563,-120762720) (-770729701,-120766270) (-770732687,-120775691) (-770734127,-120780005) (-770732980,-120780421)  ]
Placa: PER2  Velocidad: 119   P.Inicio (-770710105,-120746739)  P.Fin (-770701171,-120728090)  P.Actual (-1,-1)  Ruta: [(-770710105,-120746739) (-770707800,-120733604) (-770704099,-120734355) (-770702416,-120734806) (-770701171,-120728090)  ]
Placa: PER3  Velocidad: 91   P.Inicio (-770806671,-120764554)  P.Fin (-770784083,-120768074)  P.Actual (-1,-1)  Ruta: [(-770806671,-120764554) (-770807403,-120764536) (-770808164,-120765119) (-770809234,-120767176) (-770810515,-120769819) (-770808261,-120770834) (-770807636,-120771105) (-770788755,-120773427) (-770785609,-120773812) (-770784867,-120771009) (-770784322,-120769897) (-770784112,-120769035) (-770784083,-120768074)  ]
Placa: PER4  Velocidad: 99   P.Inicio (-770463294,-120541076)  P.Fin (-770459649,-120511289)  P.Actual (-1,-1)  Ruta: [(-770463294,-120541076) (-770463701,-120539067) (-770464004,-120537408) (-770464164,-120535564) (-770465397,-120523794) (-770465157,-120522718) (-770462098,-120516835) (-770459649,-120511289)  ]
Placa: PER5  Velocidad: 40   P.Inicio (-770836657,-120639669)  P.Fin (-770849463,-120633868)  P.Actual (-1,-1)  Ruta: [(-770836657,-120639669) (-770837710,-120640690) (-770839959,-120641358) (-770841217,-120640653) (-770841841,-120636040) (-770841808,-120632730) (-770849463,-120633868)  ]
Placa: PER6  Velocidad: 51   P.Inicio (-770655650,-120803901)  P.Fin (-770640394,-120802163)  P.Actual (-1,-1)  Ruta: [(-770655650,-120803901) (-770650304,-120805051) (-770649120,-120799780) (-770646890,-120800278) (-770642589,-120801335) (-770641611,-120801722) (-770640394,-120802163)  ]
Placa: PER7  Velocidad: 59   P.Inicio (-770598473,-120575213)  P.Fin (-770594360,-120604140)  P.Actual (-1,-1)  Ruta: [(-770598473,-120575213) (-770597427,-120580204) (-770594278,-120596096) (-770593830,-120599280) (-770593980,-120601930) (-770594360,-120604140)  ]
Placa: PER8  Velocidad: 30   P.Inicio (-770798206,-120748138)  P.Fin (-770799701,-120748083)  P.Actual (-1,-1)  Ruta: [(-770798206,-120748138) (-770799701,-120748083) (-770804180,-120747920) (-770813091,-120747494) (-770812824,-120742327) (-770804174,-120742776) (-770802848,-120742492) (-770801946,-120741748) (-770799772,-120737643) (-770796007,-120738811) (-770794982,-120739453) (-770799701,-120748083)  ]
Placa: PER9  Velocidad: 110   P.Inicio (-770576823,-120684636)  P.Fin (-770581295,-120693987)  P.Actual (-1,-1)  Ruta: [(-770576823,-120684636) (-770577583,-120684511) (-770578469,-120684361) (-770579038,-120684199) (-770578548,-120686686) (-770582778,-120687570) (-770581295,-120693987)  ]
Placa: PER10  Velocidad: 98   P.Inicio (-770875232,-120713505)  P.Fin (-770880811,-120706056)  P.Actual (-1,-1)  Ruta: [(-770875232,-120713505) (-770875232,-120711511) (-770875769,-120709833) (-770876627,-120708365) (-770878344,-120706791) (-770880811,-120706056)  ]
Placa: PER11  Velocidad: 53   P.Inicio (-770542828,-120690717)  P.Fin (-770545145,-120690414)  P.Actual (-1,-1)  Ruta: [(-770542828,-120690717) (-770543349,-120690489) (-770545145,-120690414)  ]
Placa: PER12  Velocidad: 87   P.Inicio (-770638965,-120748439)  P.Fin (-770629063,-120742458)  P.Actual (-1,-1)  Ruta: [(-770638965,-120748439) (-770638317,-120738663) (-770636597,-120737702) (-770634807,-120736328) (-770629063,-120742458) (-770632702,-120749052) (-770631968,-120749228) (-770625695,-120738204) (-770625099,-120736939) (-770625600,-120736303) (-770626362,-120737564) (-770629063,-120742458)  ]
Placa: PER13  Velocidad: 32   P.Inicio (-770557640,-120611366)  P.Fin (-770550282,-120639853)  P.Actual (-1,-1)  Ruta: [(-770557640,-120611366) (-770562080,-120616584) (-770569026,-120610791) (-770577597,-120620697) (-770571539,-120625594) (-770570411,-120626410) (-770568952,-120627250) (-770565543,-120628852) (-770562057,-120630136) (-770553488,-120633756) (-770548530,-120635635) (-770550282,-120639853)  ]
Placa: PER14  Velocidad: 106   P.Inicio (-770581719,-120793761)  P.Fin (-770592678,-120799036)  P.Actual (-1,-1)  Ruta: [(-770581719,-120793761) (-770577603,-120797110) (-770584181,-120804940) (-770588187,-120801717) (-770592102,-120798625) (-770596106,-120795437) (-770596514,-120795946) (-770592678,-120799036)  ]
Placa: PER15  Velocidad: 33   P.Inicio (-770505374,-120711524)  P.Fin (-770423917,-120656144)  P.Actual (-1,-1)  Ruta: [(-770505374,-120711524) (-770497378,-120701917) (-770489218,-120692026) (-770488671,-120692404) (-770488020,-120691457) (-770480638,-120682490) (-770472578,-120672653) (-770464208,-120662853) (-770456204,-120653327) (-770455169,-120653779) (-770446374,-120660863) (-770444414,-120662418) (-770434256,-120670692) (-770429089,-120664010) (-770427598,-120661976) (-770426159,-120659823) (-770423917,-120656144)  ]
Placa: PER16  Velocidad: 68   P.Inicio (-770664715,-120800346)  P.Fin (-770663798,-120800236)  P.Actual (-1,-1)  Ruta: [(-770664715,-120800346) (-770664565,-120799926) (-770664172,-120799907) (-770663798,-120800236)  ]
Placa: PER17  Velocidad: 90   P.Inicio (-770774968,-120582447)  P.Fin (-770776618,-120582700)  P.Actual (-1,-1)  Ruta: [(-770774968,-120582447) (-770775810,-120582481) (-770776618,-120582700)  ]
Placa: PER18  Velocidad: 96   P.Inicio (-770472132,-120738670)  P.Fin (-770451406,-120722512)  P.Actual (-1,-1)  Ruta: [(-770472132,-120738670) (-770472100,-120738117) (-770471558,-120737987) (-770468855,-120737912) (-770468815,-120727860) (-770468834,-120727128) (-770468895,-120724711) (-770471269,-120722735) (-770463160,-120712747) (-770455329,-120718897) (-770452050,-120721456) (-770451724,-120721911) (-770451406,-120722512)  ]
Placa: PER19  Velocidad: 116   P.Inicio (-770463730,-120595286)  P.Fin (-770453381,-120646554)  P.Actual (-1,-1)  Ruta: [(-770463730,-120595286) (-770458795,-120589716) (-770457964,-120588923) (-770460395,-120588288) (-770471162,-120584990) (-770471971,-120585736) (-770472985,-120586758) (-770463730,-120595286) (-770453423,-120603643) (-770459064,-120610156) (-770465841,-120618082) (-770459690,-120623080) (-770458908,-120623645) (-770458023,-120624187) (-770455152,-120625126) (-770443490,-120634352) (-770453381,-120646554)  ]
Placa: PER20  Velocidad: 63   P.Inicio (-770787011,-120523734)  P.Fin (-770790026,-120528277)  P.Actual (-1,-1)  Ruta: [(-770787011,-120523734) (-770790026,-120528277)  ]
Placa: PER21  Velocidad: 92   P.Inicio (-770810774,-120627181)  P.Fin (-770841808,-120632730)  P.Actual (-1,-1)  Ruta: [(-770810774,-120627181) (-770816639,-120628656) (-770823852,-120630298) (-770831041,-120630988) (-770837604,-120632204) (-770841808,-120632730)  ]
Placa: PER22  Velocidad: 82   P.Inicio (-770809204,-120555543)  P.Fin (-770787551,-120523413)  P.Actual (-1,-1)  Ruta: [(-770809204,-120555543) (-770810166,-120556418) (-770811449,-120558191) (-770811815,-120558015) (-770811078,-120556871) (-770809498,-120554840) (-770806895,-120553151) (-770805694,-120551838) (-770802654,-120547069) (-770812684,-120541173) (-770812016,-120540162) (-770809383,-120536182) (-770806300,-120531523) (-770803293,-120526904) (-770800292,-120522063) (-770797117,-120517644) (-770787551,-120523413)  ]
Placa: PER23  Velocidad: 101   P.Inicio (-770912113,-120692447)  P.Fin (-770922604,-120689479)  P.Actual (-1,-1)  Ruta: [(-770912113,-120692447) (-770913069,-120692066) (-770918763,-120690627) (-770922604,-120689479)  ]
Placa: PER24  Velocidad: 57   P.Inicio (-770711950,-120684358)  P.Fin (-770716852,-120678397)  P.Actual (-1,-1)  Ruta: [(-770711950,-120684358) (-770712180,-120685205) (-770712332,-120686049) (-770714318,-120698945) (-770715583,-120703371) (-770716893,-120707030) (-770717918,-120710804) (-770719307,-120716449) (-770724821,-120715218) (-770721087,-120698426) (-770720482,-120695981) (-770719783,-120694133) (-770717235,-120687636) (-770716787,-120686263) (-770716609,-120685418) (-770716608,-120684360) (-770716852,-120678397)  ]
Placa: PER25  Velocidad: 114   P.Inicio (-770464208,-120662853)  P.Fin (-770444414,-120662418)  P.Actual (-1,-1)  Ruta: [(-770464208,-120662853) (-770456204,-120653327) (-770454811,-120653279) (-770442168,-120651526) (-770443304,-120657260) (-770444414,-120662418)  ]
Placa: PER26  Velocidad: 106   P.Inicio (-770736480,-120661390)  P.Fin (-770730966,-120669684)  P.Actual (-1,-1)  Ruta: [(-770736480,-120661390) (-770733410,-120661116) (-770729939,-120660118) (-770726422,-120658512) (-770723141,-120656499) (-770732775,-120668380) (-770730966,-120669684)  ]
Placa: PER27  Velocidad: 104   P.Inicio (-770541483,-120647361)  P.Fin (-770542494,-120647703)  P.Actual (-1,-1)  Ruta: [(-770541483,-120647361) (-770541865,-120647262) (-770542103,-120647311) (-770542320,-120647447) (-770542494,-120647703)  ]
Placa: PER28  Velocidad: 97   P.Inicio (-770822125,-120544824)  P.Fin (-770821990,-120544236)  P.Actual (-1,-1)  Ruta: [(-770822125,-120544824) (-770821990,-120544236)  ]
Placa: PER29  Velocidad: 107   P.Inicio (-770666320,-120614430)  P.Fin (-770683601,-120621778)  P.Actual (-1,-1)  Ruta: [(-770666320,-120614430) (-770666279,-120617162) (-770666653,-120620955) (-770671473,-120620163) (-770675508,-120619824) (-770677988,-120619743) (-770680471,-120619935) (-770683894,-120620350) (-770683601,-120621778)  ]
Placa: PER30  Velocidad: 66   P.Inicio (-770695454,-120661824)  P.Fin (-770690762,-120661733)  P.Actual (-1,-1)  Ruta: [(-770695454,-120661824) (-770690762,-120661733)  ]
Placa: PER31  Velocidad: 65   P.Inicio (-770767423,-120771753)  P.Fin (-770760351,-120777150)  P.Actual (-1,-1)  Ruta: [(-770767423,-120771753) (-770768194,-120774654) (-770760351,-120777150)  ]
Placa: PER32  Velocidad: 31   P.Inicio (-770436341,-120649854)  P.Fin (-770482090,-120681360)  P.Actual (-1,-1)  Ruta: [(-770436341,-120649854) (-770442045,-120650715) (-770442168,-120651526) (-770443304,-120657260) (-770444414,-120662418) (-770444712,-120663328) (-770448006,-120675861) (-770454484,-120670700) (-770464208,-120662853) (-770456204,-120653327) (-770455743,-120652554) (-770456642,-120652709) (-770457639,-120652902) (-770465250,-120662008) (-770473482,-120671996) (-770481541,-120681764) (-770482090,-120681360)  ]
Placa: PER33  Velocidad: 71   P.Inicio (-770839833,-120546266)  P.Fin (-770835424,-120548898)  P.Actual (-1,-1)  Ruta: [(-770839833,-120546266) (-770839306,-120545381) (-770838500,-120545896) (-770837090,-120546735) (-770836061,-120547682) (-770835424,-120548898)  ]
Placa: PER34  Velocidad: 78   P.Inicio (-770880370,-120723505)  P.Fin (-770915212,-120703993)  P.Actual (-1,-1)  Ruta: [(-770880370,-120723505) (-770894336,-120716254) (-770907970,-120709842) (-770910052,-120708258) (-770912467,-120706419) (-770915212,-120703993)  ]
Placa: PER35  Velocidad: 48   P.Inicio (-770544698,-120623107)  P.Fin (-770527247,-120562508)  P.Actual (-1,-1)  Ruta: [(-770544698,-120623107) (-770544740,-120622568) (-770544934,-120622076) (-770545278,-120621656) (-770550942,-120617070) (-770555550,-120622135) (-770562080,-120616584) (-770569026,-120610791) (-770575593,-120605457) (-770582125,-120599841) (-770573631,-120589885) (-770564677,-120579566) (-770550263,-120562699) (-770541080,-120565330) (-770532053,-120567938) (-770531340,-120567176) (-770527247,-120562508)  ]
Placa: PER36  Velocidad: 76   P.Inicio (-770586162,-120697271)  P.Fin (-770571499,-120712674)  P.Actual (-1,-1)  Ruta: [(-770586162,-120697271) (-770586698,-120694720) (-770587126,-120693210) (-770587788,-120691409) (-770588679,-120689350) (-770589613,-120687689) (-770583676,-120683532) (-770582778,-120687570) (-770581295,-120693987) (-770580892,-120696212) (-770580227,-120699383) (-770579686,-120702052) (-770579058,-120705075) (-770577213,-120713445) (-770577117,-120714013) (-770571812,-120712748) (-770571499,-120712674)  ]
Placa: PER37  Velocidad: 118   P.Inicio (-770737481,-120632454)  P.Fin (-770747084,-120616271)  P.Actual (-1,-1)  Ruta: [(-770737481,-120632454) (-770736019,-120632366) (-770735207,-120627361) (-770737747,-120627083) (-770744165,-120626880) (-770744072,-120625663) (-770743509,-120621965) (-770745050,-120621452) (-770747096,-120621387) (-770750666,-120622189) (-770751894,-120617062) (-770749398,-120616480) (-770747084,-120616271)  ]
Placa: PER38  Velocidad: 76   P.Inicio (-770787115,-120559998)  P.Fin (-770794360,-120537115)  P.Actual (-1,-1)  Ruta: [(-770787115,-120559998) (-770786854,-120557176) (-770791577,-120556861) (-770792366,-120563410) (-770795638,-120562701) (-770799466,-120561275) (-770802406,-120558326) (-770806686,-120555198) (-770804035,-120552714) (-770801007,-120547812) (-770794360,-120537115)  ]
Placa: PER39  Velocidad: 46   P.Inicio (-770619615,-120738948)  P.Fin (-770580786,-120733760)  P.Actual (-1,-1)  Ruta: [(-770619615,-120738948) (-770618368,-120732022) (-770617787,-120728791) (-770610970,-120730197) (-770607496,-120730776) (-770604162,-120731464) (-770599091,-120732485) (-770595893,-120717462) (-770590405,-120718689) (-770590968,-120734064) (-770589415,-120734307) (-770589211,-120728885) (-770581015,-120729199) (-770581138,-120730736) (-770581088,-120731645) (-770580962,-120732703) (-770580786,-120733760)  ]
Placa: PER40  Velocidad: 46   P.Inicio (-770684180,-120799016)  P.Fin (-770680796,-120800307)  P.Actual (-1,-1)  Ruta: [(-770684180,-120799016) (-770681687,-120798370) (-770681114,-120799759) (-770680796,-120800307)  ]
Placa: PER41  Velocidad: 50   P.Inicio (-770575253,-120628135)  P.Fin (-770576841,-120643640)  P.Actual (-1,-1)  Ruta: [(-770575253,-120628135) (-770575198,-120628675) (-770575320,-120629332) (-770576143,-120631308) (-770578066,-120635482) (-770587065,-120632472) (-770585748,-120628764) (-770584210,-120624501) (-770580820,-120625620) (-770575762,-120627362) (-770575446,-120627672) (-770575253,-120628135) (-770575198,-120628675) (-770575320,-120629332) (-770576143,-120631308) (-770572170,-120632954) (-770576841,-120643640)  ]
Placa: PER42  Velocidad: 102   P.Inicio (-770602168,-120809947)  P.Fin (-770602937,-120803991)  P.Actual (-1,-1)  Ruta: [(-770602168,-120809947) (-770602779,-120809976) (-770603241,-120809833) (-770603682,-120809553) (-770609965,-120804531) (-770606932,-120800900) (-770612637,-120796445) (-770611347,-120794173) (-770607522,-120787344) (-770607075,-120787688) (-770600499,-120792839) (-770596514,-120795946) (-770602937,-120803991)  ]
Placa: PER43  Velocidad: 109   P.Inicio (-770751401,-120696346)  P.Fin (-770723677,-120678572)  P.Actual (-1,-1)  Ruta: [(-770751401,-120696346) (-770750982,-120696385) (-770748152,-120696639) (-770745593,-120696920) (-770740850,-120697386) (-770739961,-120697542) (-770731682,-120698148) (-770729399,-120678696) (-770723677,-120678572)  ]
Placa: PER44  Velocidad: 117   P.Inicio (-770477511,-120526895)  P.Fin (-770473543,-120503432)  P.Actual (-1,-1)  Ruta: [(-770477511,-120526895) (-770477195,-120522855) (-770475830,-120513853) (-770473543,-120503432)  ]
Placa: PER45  Velocidad: 92   P.Inicio (-770665925,-120622430)  P.Fin (-770665201,-120616160)  P.Actual (-1,-1)  Ruta: [(-770665925,-120622430) (-770665695,-120621098) (-770666653,-120620955) (-770671473,-120620163) (-770675508,-120619824) (-770677988,-120619743) (-770680471,-120619935) (-770683894,-120620350) (-770683601,-120621778) (-770680350,-120621177) (-770677942,-120621026) (-770675747,-120621029) (-770672018,-120621370) (-770666967,-120622266) (-770665925,-120622430) (-770665695,-120621098) (-770665201,-120616160)  ]
Placa: PER46  Velocidad: 53   P.Inicio (-770791833,-120546271)  P.Fin (-770780274,-120510730)  P.Actual (-1,-1)  Ruta: [(-770791833,-120546271) (-770792510,-120552317) (-770791577,-120556861) (-770792366,-120563410) (-770795638,-120562701) (-770799466,-120561275) (-770802406,-120558326) (-770806686,-120555198) (-770804035,-120552714) (-770801007,-120547812) (-770794360,-120537115) (-770788898,-120528853) (-770784498,-120523318) (-770782924,-120519320) (-770781440,-120516784) (-770780413,-120513724) (-770780274,-120510730)  ]
Placa: PER47  Velocidad: 112   P.Inicio (-770561352,-120629053)  P.Fin (-770560631,-120664258)  P.Actual (-1,-1)  Ruta: [(-770561352,-120629053) (-770562057,-120630136) (-770553488,-120633756) (-770548530,-120635635) (-770550282,-120639853) (-770552630,-120645079) (-770555490,-120651847) (-770556701,-120654973) (-770558030,-120658396) (-770560631,-120664258)  ]
Placa: PER48  Velocidad: 89   P.Inicio (-770561279,-120558446)  P.Fin (-770597427,-120580204)  P.Actual (-1,-1)  Ruta: [(-770561279,-120558446) (-770565096,-120556993) (-770568546,-120556021) (-770571743,-120555836) (-770574689,-120555909) (-770577112,-120556393) (-770580748,-120557564) (-770582908,-120558075) (-770590191,-120559528) (-770595675,-120560593) (-770601394,-120561661) (-770601041,-120563210) (-770598473,-120575213) (-770597427,-120580204)  ]
Placa: PER49  Velocidad: 49   P.Inicio (-770553520,-120606737)  P.Fin (-770541659,-120594888)  P.Actual (-1,-1)  Ruta: [(-770553520,-120606737) (-770567109,-120595388) (-770573631,-120589885) (-770564677,-120579566) (-770550263,-120562699) (-770541080,-120565330) (-770532053,-120567938) (-770522429,-120570764) (-770518296,-120572053) (-770522109,-120584317) (-770522222,-120585173) (-770523075,-120584479) (-770529633,-120578954) (-770536619,-120587091) (-770541769,-120592894) (-770541787,-120594121) (-770541659,-120594888)  ]
Placa: PER50  Velocidad: 94   P.Inicio (-770858602,-120613185)  P.Fin (-770824938,-120610382)  P.Actual (-1,-1)  Ruta: [(-770858602,-120613185) (-770860603,-120613425) (-770861766,-120613555) (-770868032,-120614309) (-770883244,-120615724) (-770883212,-120616375) (-770865249,-120614617) (-770851320,-120612799) (-770849004,-120612597) (-770847285,-120612798) (-770844112,-120612814) (-770840336,-120612283) (-770827729,-120610468) (-770824938,-120610382)  ]
Placa: PER51  Velocidad: 105   P.Inicio (-770473568,-120787365)  P.Fin (-770475838,-120792227)  P.Actual (-1,-1)  Ruta: [(-770473568,-120787365) (-770475873,-120790047) (-770475838,-120792227)  ]
Placa: PER52  Velocidad: 97   P.Inicio (-770641775,-120545917)  P.Fin (-770641238,-120541825)  P.Actual (-1,-1)  Ruta: [(-770641775,-120545917) (-770641238,-120541825)  ]
Placa: PER53  Velocidad: 62   P.Inicio (-770781578,-120566894)  P.Fin (-770794969,-120589198)  P.Actual (-1,-1)  Ruta: [(-770781578,-120566894) (-770780752,-120570245) (-770779254,-120576671) (-770777844,-120583178) (-770776586,-120588496) (-770774921,-120596431) (-770779610,-120597563) (-770792230,-120599961) (-770794969,-120589198)  ]
Placa: PER54  Velocidad: 107   P.Inicio (-770870836,-120737431)  P.Fin (-770887920,-120777258)  P.Actual (-1,-1)  Ruta: [(-770870836,-120737431) (-770871699,-120737732) (-770874985,-120745945) (-770884713,-120769779) (-770887491,-120776586) (-770887920,-120777258)  ]
Placa: PER55  Velocidad: 98   P.Inicio (-770591060,-120709992)  P.Fin (-770590705,-120712553)  P.Actual (-1,-1)  Ruta: [(-770591060,-120709992) (-770590705,-120712553)  ]
Placa: PER56  Velocidad: 48   P.Inicio (-770593310,-120665212)  P.Fin (-770588549,-120660920)  P.Actual (-1,-1)  Ruta: [(-770593310,-120665212) (-770590710,-120666264) (-770589854,-120664167) (-770588549,-120660920)  ]
Placa: PER57  Velocidad: 58   P.Inicio (-770769482,-120535347)  P.Fin (-770787996,-120535120)  P.Actual (-1,-1)  Ruta: [(-770769482,-120535347) (-770773592,-120546665) (-770777680,-120544271) (-770785226,-120541568) (-770784558,-120534625) (-770787996,-120535120)  ]
Placa: PER58  Velocidad: 97   P.Inicio (-770495361,-120578688)  P.Fin (-770451560,-120564755)  P.Actual (-1,-1)  Ruta: [(-770495361,-120578688) (-770471971,-120585736) (-770458795,-120589716) (-770457964,-120588923) (-770458377,-120584717) (-770459537,-120575138) (-770460334,-120565594) (-770451560,-120564755)  ]
Placa: PER59  Velocidad: 30   P.Inicio (-770583464,-120581689)  P.Fin (-770635980,-120609920)  P.Actual (-1,-1)  Ruta: [(-770583464,-120581689) (-770586450,-120580339) (-770588070,-120579850) (-770590710,-120579550) (-770593220,-120579570) (-770597427,-120580204) (-770599809,-120580839) (-770611324,-120583042) (-770634569,-120587489) (-770632865,-120594531) (-770632730,-120595090) (-770631596,-120601428) (-770630232,-120609053) (-770631814,-120609339) (-770635980,-120609920)  ]
Placa: PER60  Velocidad: 53   P.Inicio (-770569275,-120557291)  P.Fin (-770576264,-120554063)  P.Actual (-1,-1)  Ruta: [(-770569275,-120557291) (-770568560,-120565095) (-770572168,-120565363) (-770577296,-120565880) (-770575658,-120559038) (-770575334,-120557637) (-770574689,-120555909) (-770573969,-120554498) (-770576264,-120554063)  ]
Placa: PER61  Velocidad: 55   P.Inicio (-770732775,-120668380)  P.Fin (-770729939,-120660118)  P.Actual (-1,-1)  Ruta: [(-770732775,-120668380) (-770734155,-120669939) (-770734812,-120671088) (-770735368,-120672319) (-770735711,-120673592) (-770736144,-120675301) (-770736480,-120661390) (-770733410,-120661116) (-770729939,-120660118)  ]
Placa: PER62  Velocidad: 63   P.Inicio (-770458746,-120587661)  P.Fin (-770460813,-120586873)  P.Actual (-1,-1)  Ruta: [(-770458746,-120587661) (-770459222,-120588005) (-770460792,-120587398) (-770460813,-120586873)  ]
Placa: PER63  Velocidad: 83   P.Inicio (-770757641,-120763145)  P.Fin (-770760351,-120777150)  P.Actual (-1,-1)  Ruta: [(-770757641,-120763145) (-770759661,-120762688) (-770764494,-120761432) (-770767423,-120771753) (-770768194,-120774654) (-770760351,-120777150)  ]
Placa: PER64  Velocidad: 50   P.Inicio (-770870483,-120781385)  P.Fin (-770875000,-120785540)  P.Actual (-1,-1)  Ruta: [(-770870483,-120781385) (-770871300,-120782040) (-770872005,-120783995) (-770872469,-120785251) (-770875410,-120792020) (-770876590,-120792240) (-770877270,-120792050) (-770877610,-120791720) (-770877610,-120791130) (-770877440,-120790680) (-770876590,-120790170) (-770875570,-120788390) (-770874770,-120786719) (-770874709,-120786090) (-770875000,-120785540)  ]
Placa: PER65  Velocidad: 51   P.Inicio (-770655510,-120699648)  P.Fin (-770654649,-120700099)  P.Actual (-1,-1)  Ruta: [(-770655510,-120699648) (-770655133,-120699964) (-770654649,-120700099)  ]
Placa: PER66  Velocidad: 46   P.Inicio (-770555581,-120749259)  P.Fin (-770550067,-120753377)  P.Actual (-1,-1)  Ruta: [(-770555581,-120749259) (-770555021,-120749405) (-770554273,-120749826) (-770550307,-120752991) (-770550067,-120753377)  ]
Placa: PER67  Velocidad: 111   P.Inicio (-770685928,-120772067)  P.Fin (-770665123,-120725345)  P.Actual (-1,-1)  Ruta: [(-770685928,-120772067) (-770683781,-120765125) (-770683604,-120763946) (-770683246,-120760121) (-770677375,-120760473) (-770677014,-120754936) (-770668520,-120755237) (-770668448,-120754395) (-770668317,-120752932) (-770667516,-120746652) (-770667251,-120743749) (-770666661,-120739189) (-770665925,-120732061) (-770665123,-120725345)  ]
Placa: PER68  Velocidad: 69   P.Inicio (-770534411,-120529588)  P.Fin (-770521758,-120504297)  P.Actual (-1,-1)  Ruta: [(-770534411,-120529588) (-770530519,-120521776) (-770525809,-120512368) (-770521758,-120504297)  ]
Placa: PER69  Velocidad: 68   P.Inicio (-770643540,-120636170)  P.Fin (-770655225,-120669528)  P.Actual (-1,-1)  Ruta: [(-770643540,-120636170) (-770648494,-120635258) (-770648924,-120637638) (-770650014,-120643646) (-770650890,-120648337) (-770651597,-120652046) (-770653832,-120663769) (-770654799,-120668846) (-770655225,-120669528)  ]
Placa: PER70  Velocidad: 39   P.Inicio (-770540873,-120707145)  P.Fin (-770531831,-120718201)  P.Actual (-1,-1)  Ruta: [(-770540873,-120707145) (-770542995,-120718727) (-770536860,-120719743) (-770535890,-120720151) (-770532642,-120722571) (-770530146,-120719475) (-770531831,-120718201)  ]
Placa: PER71  Velocidad: 44   P.Inicio (-770635862,-120524977)  P.Fin (-770624930,-120491356)  P.Actual (-1,-1)  Ruta: [(-770635862,-120524977) (-770633191,-120518217) (-770632926,-120517501) (-770631295,-120513102) (-770629651,-120508669) (-770628968,-120506860) (-770625641,-120498047) (-770624501,-120495029) (-770624930,-120491356)  ]
Placa: PER72  Velocidad: 55   P.Inicio (-770768092,-120583854)  P.Fin (-770737747,-120627083)  P.Actual (-1,-1)  Ruta: [(-770768092,-120583854) (-770767453,-120585093) (-770766424,-120585543) (-770765589,-120585490) (-770763602,-120585140) (-770760605,-120584416) (-770758503,-120593722) (-770757952,-120595865) (-770755395,-120607057) (-770753945,-120608280) (-770745993,-120610991) (-770740960,-120613146) (-770739934,-120613545) (-770736361,-120615489) (-770737149,-120622082) (-770737747,-120627083)  ]
Placa: PER73  Velocidad: 99   P.Inicio (-770466280,-120793904)  P.Fin (-770457577,-120794936)  P.Actual (-1,-1)  Ruta: [(-770466280,-120793904) (-770457577,-120794936)  ]
Placa: PER74  Velocidad: 107   P.Inicio (-770587140,-120753736)  P.Fin (-770577603,-120797110)  P.Actual (-1,-1)  Ruta: [(-770587140,-120753736) (-770587028,-120754123) (-770586686,-120754368) (-770583726,-120754797) (-770582081,-120754960) (-770582046,-120755431) (-770581984,-120755822) (-770581812,-120756207) (-770574752,-120761780) (-770567060,-120767922) (-770571831,-120773637) (-770567926,-120776695) (-770563741,-120779971) (-770567052,-120784098) (-770569041,-120786611) (-770571891,-120790212) (-770577603,-120797110)  ]
Placa: PER75  Velocidad: 58   P.Inicio (-770581838,-120656353)  P.Fin (-770582351,-120657251)  P.Actual (-1,-1)  Ruta: [(-770581838,-120656353) (-770582351,-120657251)  ]
Placa: PER76  Velocidad: 94   P.Inicio (-770715111,-120548593)  P.Fin (-770729832,-120547906)  P.Actual (-1,-1)  Ruta: [(-770715111,-120548593) (-770719751,-120548941) (-770720264,-120545528) (-770720649,-120545543) (-770724964,-120545705) (-770728092,-120546244) (-770729832,-120547906)  ]
Placa: PER77  Velocidad: 106   P.Inicio (-770421186,-120554202)  P.Fin (-770465299,-120550999)  P.Actual (-1,-1)  Ruta: [(-770421186,-120554202) (-770429820,-120554717) (-770437139,-120555154) (-770450829,-120556222) (-770465497,-120557365) (-770465582,-120556261) (-770465299,-120550999)  ]
Placa: PER78  Velocidad: 109   P.Inicio (-770667251,-120743749)  P.Fin (-770666010,-120739502)  P.Actual (-1,-1)  Ruta: [(-770667251,-120743749) (-770666661,-120739189) (-770666010,-120739502)  ]
Placa: PER79  Velocidad: 91   P.Inicio (-770765858,-120579818)  P.Fin (-770761167,-120579170)  P.Actual (-1,-1)  Ruta: [(-770765858,-120579818) (-770764767,-120579572) (-770763330,-120579337) (-770761167,-120579170)  ]
Placa: PER80  Velocidad: 113   P.Inicio (-770622852,-120691373)  P.Fin (-770638761,-120695195)  P.Actual (-1,-1)  Ruta: [(-770622852,-120691373) (-770623616,-120699491) (-770637242,-120698273) (-770637259,-120697172) (-770637526,-120696402) (-770638054,-120695715) (-770638761,-120695195)  ]
Placa: PER81  Velocidad: 58   P.Inicio (-770740138,-120690587)  P.Fin (-770711950,-120684358)  P.Actual (-1,-1)  Ruta: [(-770740138,-120690587) (-770739922,-120688218) (-770739822,-120687120) (-770739648,-120685794) (-770739344,-120683345) (-770739296,-120682959) (-770738941,-120678948) (-770737441,-120678899) (-770736180,-120678905) (-770729399,-120678696) (-770723677,-120678572) (-770716852,-120678397) (-770715913,-120678387) (-770705861,-120678281) (-770705734,-120684212) (-770707792,-120684282) (-770711950,-120684358)  ]
Placa: PER82  Velocidad: 34   P.Inicio (-770869089,-120780267)  P.Fin (-770850277,-120750613)  P.Actual (-1,-1)  Ruta: [(-770869089,-120780267) (-770870483,-120781385) (-770871985,-120780215) (-770877600,-120780054) (-770884937,-120779913) (-770885409,-120779658) (-770885804,-120779142) (-770886207,-120778335) (-770886290,-120777006) (-770881670,-120766680) (-770876615,-120752768) (-770870822,-120754971) (-770865458,-120756859) (-770857345,-120758853) (-770856924,-120754325) (-770856066,-120749587) (-770850277,-120750613)  ]
Placa: PER83  Velocidad: 81   P.Inicio (-770571013,-120726352)  P.Fin (-770565714,-120721431)  P.Actual (-1,-1)  Ruta: [(-770571013,-120726352) (-770570413,-120726662) (-770568980,-120727599) (-770568329,-120726703) (-770566894,-120724473) (-770565714,-120721431)  ]
Placa: PER84  Velocidad: 88   P.Inicio (-770888980,-120609989)  P.Fin (-770920161,-120593980)  P.Actual (-1,-1)  Ruta: [(-770888980,-120609989) (-770889983,-120609572) (-770890061,-120609059) (-770889005,-120608982) (-770889236,-120607591) (-770889633,-120601915) (-770890254,-120595631) (-770890940,-120591056) (-770895670,-120591521) (-770912326,-120593194) (-770920161,-120593980)  ]
Placa: PER85  Velocidad: 94   P.Inicio (-770547074,-120555058)  P.Fin (-770534411,-120529588)  P.Actual (-1,-1)  Ruta: [(-770547074,-120555058) (-770551620,-120555520) (-770559925,-120556217) (-770560743,-120554416) (-770561659,-120552363) (-770562266,-120550607) (-770562386,-120549285) (-770562482,-120547486) (-770562532,-120545573) (-770557957,-120545092) (-770552624,-120544634) (-770546804,-120544227) (-770541603,-120543981) (-770539430,-120539612) (-770536615,-120533948) (-770535117,-120530972) (-770534411,-120529588)  ]
Placa: PER86  Velocidad: 70   P.Inicio (-770497231,-120635186)  P.Fin (-770517133,-120618628)  P.Actual (-1,-1)  Ruta: [(-770497231,-120635186) (-770506865,-120627034) (-770515926,-120619569) (-770517133,-120618628)  ]
Placa: PER87  Velocidad: 67   P.Inicio (-770651727,-120630019)  P.Fin (-770652953,-120636970)  P.Actual (-1,-1)  Ruta: [(-770651727,-120630019) (-770652953,-120636970)  ]
Placa: PER88  Velocidad: 107   P.Inicio (-770551125,-120705516)  P.Fin (-770545592,-120694312)  P.Actual (-1,-1)  Ruta: [(-770551125,-120705516) (-770550057,-120699504) (-770548620,-120691721) (-770545406,-120692109) (-770545657,-120693953) (-770545592,-120694312) (-770545144,-120694440) (-770544621,-120694531) (-770544294,-120694416) (-770542374,-120691466) (-770542496,-120691061) (-770542828,-120690717) (-770543349,-120690489) (-770545145,-120690414) (-770545406,-120692109) (-770545657,-120693953) (-770545592,-120694312)  ]
Placa: PER89  Velocidad: 70   P.Inicio (-771085625,-120635504)  P.Fin (-771047155,-120633103)  P.Actual (-1,-1)  Ruta: [(-771085625,-120635504) (-771075208,-120634075) (-771072227,-120633450) (-771070204,-120633181) (-771057069,-120633766) (-771047155,-120633103)  ]
Placa: PER90  Velocidad: 69   P.Inicio (-770716787,-120686263)  P.Fin (-770715913,-120678387)  P.Actual (-1,-1)  Ruta: [(-770716787,-120686263) (-770716609,-120685418) (-770716608,-120684360) (-770716852,-120678397) (-770715913,-120678387)  ]
Placa: PER91  Velocidad: 80   P.Inicio (-770582149,-120580672)  P.Fin (-770590191,-120559528)  P.Actual (-1,-1)  Ruta: [(-770582149,-120580672) (-770580687,-120578395) (-770580037,-120576603) (-770579379,-120574351) (-770578587,-120571566) (-770577847,-120568495) (-770577296,-120565880) (-770575658,-120559038) (-770575334,-120557637) (-770574689,-120555909) (-770573969,-120554498) (-770576264,-120554063) (-770576648,-120555228) (-770577112,-120556393) (-770580748,-120557564) (-770582908,-120558075) (-770590191,-120559528)  ]
Placa: PER92  Velocidad: 69   P.Inicio (-770576251,-120658473)  P.Fin (-770580811,-120664512)  P.Actual (-1,-1)  Ruta: [(-770576251,-120658473) (-770574872,-120656414) (-770578864,-120653139) (-770581838,-120656353) (-770582351,-120657251) (-770585189,-120664167) (-770583982,-120664726) (-770583463,-120664882) (-770582926,-120664882) (-770580811,-120664512)  ]
Placa: PER93  Velocidad: 63   P.Inicio (-770840096,-120526151)  P.Fin (-770829940,-120523008)  P.Actual (-1,-1)  Ruta: [(-770840096,-120526151) (-770838826,-120524784) (-770838392,-120524399) (-770838057,-120524100) (-770834920,-120523678) (-770829940,-120523008)  ]
Placa: PER94  Velocidad: 76   P.Inicio (-770467244,-120548346)  P.Fin (-770467094,-120549525)  P.Actual (-1,-1)  Ruta: [(-770467244,-120548346) (-770467194,-120548978) (-770467094,-120549525)  ]
Placa: PER95  Velocidad: 38   P.Inicio (-770885980,-120804447)  P.Fin (-770880669,-120790986)  P.Actual (-1,-1)  Ruta: [(-770885980,-120804447) (-770894775,-120799811) (-770888632,-120788669) (-770886733,-120789670) (-770886209,-120788722) (-770880949,-120791494) (-770880669,-120790986)  ]
Placa: PER96  Velocidad: 79   P.Inicio (-770688900,-120560220)  P.Fin (-770713958,-120586053)  P.Actual (-1,-1)  Ruta: [(-770688900,-120560220) (-770692280,-120551580) (-770691060,-120551470) (-770687216,-120560810) (-770686452,-120563881) (-770685780,-120567680) (-770684900,-120572510) (-770683864,-120577059) (-770683660,-120577930) (-770684934,-120578163) (-770718349,-120584633) (-770723280,-120585845) (-770722452,-120586495) (-770722196,-120587440) (-770722538,-120588075) (-770717508,-120586958) (-770713958,-120586053)  ]
Placa: PER97  Velocidad: 36   P.Inicio (-770619262,-120794358)  P.Fin (-770593303,-120784352)  P.Actual (-1,-1)  Ruta: [(-770619262,-120794358) (-770617360,-120790544) (-770614879,-120786181) (-770614013,-120784784) (-770613518,-120784056) (-770610411,-120778246) (-770604138,-120780419) (-770594246,-120783786) (-770593303,-120784352) (-770589442,-120787607) (-770596106,-120795437) (-770600099,-120792255) (-770593303,-120784352)  ]
Placa: PER98  Velocidad: 117   P.Inicio (-770833320,-120780893)  P.Fin (-770852281,-120780353)  P.Actual (-1,-1)  Ruta: [(-770833320,-120780893) (-770837396,-120780793) (-770845182,-120780492) (-770852281,-120780353)  ]
Placa: PER99  Velocidad: 66   P.Inicio (-770619080,-120677167)  P.Fin (-770620192,-120680685)  P.Actual (-1,-1)  Ruta: [(-770619080,-120677167) (-770618155,-120678907) (-770620192,-120680685)  ]
Placa: PER100  Velocidad: 80   P.Inicio (-770589415,-120734307)  P.Fin (-770571013,-120726352)  P.Actual (-1,-1)  Ruta: [(-770589415,-120734307) (-770589211,-120728885) (-770588859,-120719169) (-770585130,-120720341) (-770579809,-120722105) (-770571013,-120726352)  ]
Placa: PER101  Velocidad: 95   P.Inicio (-770673091,-120700842)  P.Fin (-770655366,-120696979)  P.Actual (-1,-1)  Ruta: [(-770673091,-120700842) (-770669099,-120696657) (-770664106,-120691544) (-770662705,-120690227) (-770661944,-120689659) (-770661164,-120689283) (-770660310,-120688986) (-770659279,-120688686) (-770658422,-120688493) (-770657574,-120688387) (-770656464,-120688358) (-770654183,-120688583) (-770649992,-120688984) (-770650814,-120697013) (-770654442,-120696681) (-770654956,-120696794) (-770655366,-120696979)  ]
Placa: PER102  Velocidad: 111   P.Inicio (-770618582,-120548476)  P.Fin (-770654944,-120572038)  P.Actual (-1,-1)  Ruta: [(-770618582,-120548476) (-770618422,-120550364) (-770618089,-120552303) (-770617723,-120554055) (-770632476,-120556831) (-770641122,-120558623) (-770650234,-120560469) (-770648056,-120570489) (-770654944,-120572038)  ]
Placa: PER103  Velocidad: 107   P.Inicio (-770590133,-120707336)  P.Fin (-770604840,-120679107)  P.Actual (-1,-1)  Ruta: [(-770590133,-120707336) (-770590694,-120703619) (-770591780,-120698419) (-770591966,-120697700) (-770592345,-120696247) (-770592794,-120695058) (-770593281,-120693814) (-770593848,-120692422) (-770594485,-120691041) (-770595787,-120688729) (-770596835,-120687052) (-770597452,-120686240) (-770598237,-120685252) (-770599678,-120683772) (-770601036,-120682446) (-770603007,-120680680) (-770604840,-120679107)  ]
Placa: PER104  Velocidad: 92   P.Inicio (-770671846,-120649803)  P.Fin (-770683303,-120653051)  P.Actual (-1,-1)  Ruta: [(-770671846,-120649803) (-770672838,-120654926) (-770683303,-120653051)  ]
Placa: PER105  Velocidad: 53   P.Inicio (-770575335,-120695219)  P.Fin (-770574081,-120700948)  P.Actual (-1,-1)  Ruta: [(-770575335,-120695219) (-770574652,-120698342) (-770574081,-120700948)  ]
Placa: PER106  Velocidad: 37   P.Inicio (-770853987,-120512682)  P.Fin (-770853682,-120513883)  P.Actual (-1,-1)  Ruta: [(-770853987,-120512682) (-770853682,-120513883)  ]
Placa: PER107  Velocidad: 55   P.Inicio (-770572795,-120755368)  P.Fin (-770563271,-120763076)  P.Actual (-1,-1)  Ruta: [(-770572795,-120755368) (-770570792,-120756949) (-770563271,-120763076)  ]
Placa: PER108  Velocidad: 109   P.Inicio (-770557325,-120736967)  P.Fin (-770540091,-120751499)  P.Actual (-1,-1)  Ruta: [(-770557325,-120736967) (-770557034,-120737168) (-770549530,-120743320) (-770540113,-120750666) (-770539615,-120750913) (-770540091,-120751499)  ]
Placa: PER109  Velocidad: 93   P.Inicio (-770738793,-120794544)  P.Fin (-770772324,-120784784)  P.Actual (-1,-1)  Ruta: [(-770738793,-120794544) (-770753634,-120788773) (-770757429,-120798793) (-770761561,-120797360) (-770766752,-120795457) (-770775172,-120792311) (-770773246,-120787402) (-770772324,-120784784)  ]
